781696105663698
999999999999973
999999999999997
999999999999976
999999999999972
999999999999981
999999999999982
999999999999981
27308491676256
999999999999973
999999999999976
999999999999974
999999999999997
999999999999984
562430743783177
329849080640026
999999999999983
999999999999977
999999999999980
999999999999995
999999999999968
529884717444116
999999999999975
999999999999983
999999999999979
999999999999971
999999999999973
999999999999994
999999999999968
999999999999973
255538407669051
999999999999975
999999999999987
999999999999988
999999999999986
999999999999985
999999999999976
999999999999989
999999999999987
999999999999973
999999999999965
999999999999986
999999999999995
999999999999989
999999999999969
999999999999993
999999999999985
999999999999973
999999999999984
999999999999971
999999999999981
999999999999971
999999999999990
999999999999970
999999999999981
999999999999987
999999999999990
999999999999972
999999999999967
999999999999980
999999999999969
52360918056242
999999999999977
999999999999982
999999999999966
999999999999994
89600111963120
999999999999981
999999999999984
999999999999986
999999999999981
999999999999986
999999999999967
999999999999966
999999999999971
999999999999989
999999999999971
999999999999975
999999999999993
999999999999973
999999999999981
999999999999996
68077367103013
999999999999981
999999999999973
999999999999978
999999999999977
57032074995151
999999999999985
999999999999976
999999999999981
999999999999975
999999999999983
999999999999984
999999999999991
999999999999987
278646987176148
999999999999973
42449800428429
999999999999980
828891679593073
77606950755631
999999999999983
999999999999987
999999999999992
999999999999983
999999999999982
326842760751927
999999999999987
226527463755058
999999999999977
562053142552881
305401718180601
999999999999963
999999999999979
999999999999978
999999999999986
999999999999976
999999999999980
999999999999974
999999999999964
999999999999983
999999999999979
999999999999987
999999999999982
999999999999985
999999999999977
999999999999986
999999999999979
1000000000000000
999999999999973
999999999999985
999999999999977
999999999999986
999999999999980
999999999999979
999999999999971
999999999999974
999999999999965
999999999999977
999999999999989
999999999999972
999999999999981
146147261796975
999999999999988
999999999999980
999999999999976
999999999999993
999999999999983
999999999999982
999999999999984
999999999999984
999999999999971
999999999999985
206860490245826
999999999999967
999999999999974
999999999999981
999999999999974
999999999999978
999999999999983
999999999999978
999999999999965
999999999999988
999999999999979
999999999999970
92104289789523
999999999999981
999999999999984
999999999999978
999999999999987
999999999999975
999999999999999
999999999999967
44860879009484
999999999999969
514416063692956
49817749280196
999999999999998
999999999999988
264596147711690
999999999999982
999999999999983
999999999999968
999999999999978
412274166002480
999999999999969
999999999999990
80619506303610
999999999999980
999999999999994
611478837893550
999999999999980
430441526801022
999999999999995
999999999999980
999999999999978
999999999999968
701403045610112
999999999999986
999999999999973
999999999999982
999999999999998
999999999999984
999999999999982
999999999999975
999999999999980
999999999999981
884997139598184
82176456327614
999999999999973
999999999999979
999999999999962
999999999999989
503262606584557
8753537562943
255549929629194
999999999999985
999999999999983
999999999999976
999999999999976
999999999999983
999999999999975
999999999999976
999999999999974
999999999999998
999999999999977
999999999999965
380793633093254
999999999999976
999999999999981
50534017520
999999999999980
494210957714996
999999999999963
493537571539934
999999999999992
999999999999980
486698592608729
999999999999977
999999999999964
999999999999990
295282908365387
104593614749234
999999999999980
462499542630292
999999999999991
999999999999971
999999999999985
663193113911470
999999999999982
999999999999980
999999999999988
999999999999986
999999999999974
14568962102320
999999999999976
999999999999983
999999999999979
264560794409972
999999999999989
532290896604675
999999999999998
999999999999985
999999999999975
999999999999980
999999999999979
999999999999974
999999999999981
999999999999978
113156949282001
999999999999987
999999999999982
999999999999995
999999999999977
999999999999975
999999999999989
999999999999976
999999999999993
109486827964852
999999999999973
999999999999973
999999999999967
999999999999978
999999999999979
999999999999978
145037383674114
147995073081226
999999999999991
328961330563613
999999999999979
999999999999976
999999999999992
999999999999990
265312329787322
999999999999989
999999999999963
999999999999984
999999999999965
999999999999967
999999999999975
468930921413650
999999999999977
999999999999979
999999999999981
999999999999999
999999999999989
999999999999972
999999999999992
999999999999983
535018632598801
999999999999988
999999999999994
286676250143024
999999999999997
999999999999978
999999999999972
964429518102673
999999999999993
999999999999977
999999999999979
999999999999991
999999999999979
999999999999982
999999999999984
999999999999975
999999999999984
999999999999982
999999999999975
336975903795876
552186336296078
999999999999983
999999999999982
999999999999974
600498183943707
999999999999990
999999999999987
453963562991192
999999999999977
999999999999991
999999999999994
999999999999976
999999999999987
999999999999984
347782241687884
999999999999993
999999999999996
999999999999980
999999999999990
999999999999970
992184394900595
999999999999984
279091289878687
999999999999979
421559607457410
999999999999968
999999999999982
999999999999972
999999999999986
999999999999976
999999999999996
999999999999985
530915659541029
999999999999968
999999999999992
999999999999988
91233838921041
999999999999985
999999999999978
999999999999980
999999999999997
999999999999984
999999999999985
999999999999981
999999999999967
999999999999989
20272287006423
999999999999981
999999999999986
999999999999970
999999999999984
999999999999982
999999999999968
999999999999977
999999999999991
999999999999969
999999999999974
381647337205518
999999999999994
694431088678724
444616470310839
999999999999987
999999999999979
153227859628887
999999999999980
999999999999996
999999999999980
999999999999970
999999999999986
999999999999992
340653648324344
999999999999966
999999999999994
117182039935939
999999999999974
325720403615450
999999999999996
360737445346432
999999999999996
172304289613051
999999999999973
999999999999977
999999999999967
999999999999984
999999999999972
999999999999974
999999999999984
999999999999970
847738723314862
999999999999983
999999999999978
999999999999990
999999999999992
999999999999987
999999999999986
999999999999991
664622839679621
999999999999969
999999999999973
151087793499840
314569728338949
999999999999985
999999999999972
999999999999970
999999999999985
93805427454944
999999999999982
999999999999981
999999999999964
999999999999976
999999999999994
999999999999963
999999999999993
999999999999980
999999999999995
401310291270309
999999999999989
271426071947552
999999999999973
999999999999989
999999999999983
999999999999990
999999999999982
999999999999969
999999999999988
999999999999979
999999999999980
907314237705654
999999999999976
999999999999981
37758105084995
569223759910037
321773528847124
145448616071585
646126967296007
999999999999979
999999999999968
999999999999978
999999999999986
999999999999972
999999999999984
999999999999966
999999999999974
999999999999969
999999999999982
999999999999987
999999999999989
999999999999985
999999999999975
999999999999990
999999999999984
999999999999998
999999999999985
999999999999976
999999999999992
999999999999974
747515001690778
999999999999987
999999999999979
999999999999996
999999999999970
204398321057621
999999999999978
999999999999973
999999999999982
209886353520755
999999999999985
999999999999995
999999999999989
999999999999983
999999999999990
999999999999973
999999999999970
999999999999992
999999999999983
999999999999983
73066577242112
999999999999979
999999999999978
999999999999979
999999999999987
999999999999965
999999999999970
999999999999977
999999999999971
999999999999976
999999999999990
999999999999999
128563761898395
999999999999988
999999999999986
999999999999981
999999999999976
999999999999972
999999999999970
999999999999988
999999999999981
194026927719444
999999999999991
999999999999980
131696601119002
999999999999987
303381473636001
999999999999978
999999999999991
999999999999978
999999999999992
999999999999995
999999999999980
999999999999985
999999999999979
999999999999994
999999999999970
999999999999985
999999999999978
999999999999980
63599402171303
999999999999981
999999999999990
999999999999988
999999999999984
999999999999972
999999999999976
999999999999981
999999999999975
999999999999992
999999999999975
26477429779690
999999999999970
999999999999992
85379512925057
999999999999987
999999999999978
999999999999973
999999999999974
999999999999985
144722277875176
1000000000000000
124871635469769
999999999999974
999999999999990
999999999999966
999999999999970
999999999999979
332386627679467
999999999999986
999999999999987
999999999999976
999999999999978
999999999999982
999999999999969
999999999999978
999999999999988
291728911701445
98799042228937
999999999999968
999999999999981
277799589631573
999999999999975
999999999999975
157898116176666
307183798005869
999999999999991
999999999999982
999999999999973
999999999999990
999999999999996
999999999999972
999999999999997
999999999999989
999999999999983
999999999999994
999999999999979
999999999999983
999999999999986
2045888244923
999999999999971
999999999999988
999999999999985
999999999999990
999999999999993
999999999999980
749237439213112
337354227357076
999999999999987
999999999999990
17355201344712
999999999999983
585015901849537
342378109559511
999999999999979
999999999999989
999999999999977
999999999999995
999999999999966
115251154805905
22362306682882
999999999999985
403005522399669
999999999999979
999999999999991
999999999999986
594372200699894
565337364338219
999999999999977
999999999999995
999999999999975
999999999999986
281214562524788
999999999999994
999999999999969
999999999999976
999999999999971
391637945287723
186490254138808
999999999999983
999999999999985
999999999999983
999999999999986
999999999999977
999999999999974
999999999999980
80086438448704
999999999999980
999999999999981
999999999999972
999999999999988
999999999999988
999999999999977
999999999999977
99116364139375
999999999999977
999999999999987
999999999999980
999999999999964
204764053817892
999999999999971
999999999999985
999999999999969
504182506771844
999999999999988
999999999999991
999999999999971
999999999999980
999999999999991
999999999999974
999999999999983
553620618345859
999999999999969
999999999999966
999999999999979
639514800159310
932860744067451
999999999999972
999999999999971
273957569480627
89640381597367
999999999999989
604921031420716
999999999999968
165645392829911
999999999999975
216171779432081
999999999999975
999999999999980
999999999999982
999999999999967
999999999999983
999999999999977
999999999999995
999999999999972
999999999999966
999999999999978
999999999999977
246360979119043
999999999999983
999999999999979
999999999999986
999999999999982
142166831483552
999999999999981
999999999999995
999999999999970
37787337936929
999999999999986
420897237749093
68591256389870
999999999999983
4033523416368
73674327768676
999999999999984
999999999999986
999999999999996
999999999999968
999999999999997
999999999999982
999999999999983
999999999999979
999999999999988
999999999999971
999999999999982
396840393637606
999999999999990
999999999999980
999999999999975
999999999999985
999999999999984
999999999999986
999999999999987
5066809710825
999999999999987
748273025220156
999999999999994
999999999999984
646000079240356
999999999999981
999999999999983
999999999999981
999999999999984
527698463030725
999999999999993
372444156653020
999999999999989
999999999999971
999999999999985
749855536950807
999999999999982
999999999999983
999999999999991
999999999999980
999999999999982
999999999999974
999999999999975
999999999999992
999999999999994
999999999999966
500699170103926
999999999999975
108184743312769
999999999999977
999999999999978
999999999999987
999999999999980
284124770205599
999999999999979
198136450980897
999999999999984
999999999999983
999999999999976
999999999999985
999999999999970
999999999999975
999999999999976
999999999999993
999999999999974
999999999999992
999999999999973
999999999999977
999999999999962
999999999999968
999999999999988
999999999999977
999999999999984
999999999999989
198281437339332
685821986002427
999999999999972
999999999999984
999999999999977
999999999999982
999999999999977
999999999999976
999999999999990
999999999999980
331024662892115
999999999999980
999999999999992
515586882584740
999999999999973
999999999999964
999999999999991
999999999999989
999999999999978
590037454554213
999999999999981
999999999999993
999999999999988
66801540882366
557505646461252
999999999999982
999999999999982
999999999999969
999999999999983
999999999999964
999999999999988
999999999999993
999999999999972
999999999999992
999999999999991
999999999999989
999999999999981
999999999999971
179537739874346
34513673334288
999999999999976
301591704924149
999999999999978
999999999999994
999999999999975
906203289337399
999999999999987
999999999999973
999999999999968
999999999999984
999999999999981
999999999999984
999999999999986
999999999999988
999999999999979
999999999999976
999999999999970
595158654508872
999999999999972
999999999999991
361270251002246
999999999999980
531633429567575
999999999999993
999999999999978
999999999999980
999999999999981
999999999999981
999999999999985
999999999999987
103009371042301
999999999999990
999999999999969
999999999999965
758761706150956
999999999999986
999999999999974
999999999999982
999999999999990
999999999999982
999999999999990
46461552960692
999999999999998
999999999999992
999999999999981
999999999999974
999999999999975
999999999999979
999999999999969
395311559749110
999999999999976
999999999999969
999999999999978
78573693146641
999999999999972
999999999999991
999999999999974
239882741106923
999999999999972
999999999999968
999999999999987
999999999999981
84579053658480
184319925536828
999999999999965
999999999999980
999999999999978
623419156846619
589731813007682
156398798342511
115405862399826
999999999999971
999999999999991
366380430346692
999999999999979
999999999999995
51845951967255
999999999999993
999999999999985
999999999999985
369046900037342
999999999999989
999999999999974
999999999999981
999999999999978
999999999999989
999999999999988
999999999999986
999999999999985
92842670724415
999999999999989
999999999999997
999999999999972
35466275971413
999999999999979
490238436527776
999999999999988
999999999999984
319541158757348
999999999999983
999999999999979
999999999999974
999999999999978
999999999999988
999999999999984
999999999999985
999999999999978
999999999999992
999999999999981
999999999999979
999999999999976
233881252527253
999999999999982
999999999999967
999999999999971
999999999999984
999999999999988
999999999999974
999999999999972
999999999999991
869245679031315
500562992804358
999999999999981
999999999999975
184850596639489
999999999999988
999999999999986
999999999999987
999999999999996
38133907159746
40835694238056
999999999999977
999999999999981
64400434499794
999999999999993
999999999999982
709576386208337
999999999999982
999999999999983
999999999999983
999999999999982
1599001201558
719712908551710
999999999999967
999999999999993
999999999999978
531196050271319
999999999999971
999999999999977
999999999999970
999999999999986
999999999999967
999999999999982
999999999999984
999999999999966
999999999999986
999999999999984
999999999999978
212507593529835
312429310179773
999999999999997
999999999999999
646730130766667
999999999999982
999999999999977
999999999999975
