175000156146128 956696261809826
999999999999981 8
999999999999998 1
999999999999985 9
999999999999981 9
999999999999986 5
999999999999989 7
3 999999999999984
357616643439213 330308151762957
13 999999999999986
14 999999999999990
999999999999985 11
1000000000000000 3
13 999999999999997
777013530603304 214582786820127
403066012893575 73216932253549
999999999999999 16
999999999999987 10
4 999999999999984
999999999999995 0
18 999999999999986
796840181444498 266955464000382
16 999999999999991
15 999999999999998
11 999999999999990
999999999999990 19
999999999999987 14
999999999999996 2
17 999999999999985
999999999999992 19
570730047807417 315191640138366
14 999999999999989
5 999999999999992
999999999999990 2
999999999999997 11
999999999999993 8
999999999999995 19
11 1000000000000000
13 1000000000000000
8 999999999999981
18 999999999999983
3 999999999999989
4 999999999999999
4 999999999999993
999999999999981 12
3 999999999999996
4 999999999999989
12 999999999999985
999999999999997 13
16 999999999999987
8 999999999999989
14 999999999999985
999999999999991 1
999999999999987 17
999999999999987 6
999999999999997 10
3 999999999999993
14 999999999999986
999999999999984 17
999999999999991 11
999999999999986 17
918659802758133 971020720814375
8 999999999999985
13 999999999999995
999999999999985 19
999999999999998 4
226696092986306 316296204949426
15 999999999999996
7 999999999999991
11 999999999999997
1 999999999999982
999999999999993 7
999999999999986 19
999999999999984 18
10 999999999999981
7 999999999999996
18 999999999999989
17 999999999999992
1000000000000000 7
17 999999999999990
10 999999999999991
3 999999999999999
664936426359517 733013793462530
16 999999999999997
999999999999982 9
999999999999989 11
11 999999999999988
354980365143449 412012440138600
999999999999991 6
13 999999999999989
999999999999994 13
11 999999999999986
999999999999995 12
999999999999991 7
5 999999999999996
8 999999999999995
657667722215389 936314709391537
999999999999985 12
182430042083214 139980241654785
999999999999992 12
60940356577365 889832036170438
62475257885753 140082208641384
14 999999999999997
10 999999999999997
7 999999999999999
999999999999991 8
2 999999999999984
815537131489107 488694370737180
1000000000000000 13
941331986645759 714804522890701
12 999999999999989
666138023631851 104084881078970
585025031872211 890426750052812
999999999999981 18
999999999999984 5
6 999999999999984
999999999999987 1
12 999999999999988
999999999999987 7
999999999999989 15
17 999999999999981
2 999999999999985
17 999999999999996
11 999999999999998
999999999999986 4
999999999999988 3
999999999999989 12
999999999999989 3
15 999999999999994
0 1000000000000000
999999999999988 15
999999999999998 13
999999999999995 18
10 999999999999996
17 999999999999997
999999999999992 13
999999999999987 16
999999999999986 12
16 999999999999981
5 999999999999982
9 999999999999998
999999999999982 10
999999999999998 17
429182518221782 575329780018757
7 999999999999995
999999999999989 9
999999999999992 16
2 999999999999995
17 1000000000000000
7 999999999999989
3 999999999999987
0 999999999999984
19 999999999999990
1 999999999999986
202669296419957 409529786665783
999999999999983 16
999999999999991 17
12 999999999999993
8 999999999999982
17 999999999999995
11 999999999999994
999999999999991 13
999999999999982 17
999999999999991 3
8 999999999999987
999999999999986 16
202544450831877 294648740621400
11 999999999999992
6 999999999999990
14 999999999999992
2 999999999999989
7 999999999999982
1000000000000000 1
14 999999999999981
770712655683451 815573534692935
999999999999984 15
879411519700747 364995456007791
412403398234353 362585648954157
999999999999999 1
999999999999993 5
723820249825532 988416397537222
3 999999999999985
999999999999993 10
999999999999985 17
9 999999999999987
545788732565365 133514566562885
17 999999999999986
999999999999998 8
184072190988264 264691697291874
999999999999995 15
1000000000000000 6
706108249621380 94629411727830
12 999999999999992
534241860311116 103800333510094
999999999999999 4
1 999999999999981
999999999999984 6
14 999999999999982
861052045443258 159648999833146
2 999999999999988
999999999999986 13
1 999999999999983
0 999999999999998
16 1000000000000000
999999999999987 5
19 999999999999994
999999999999997 17
0 999999999999981
42381552421011 927378692019195
243809830046706 161633373719092
999999999999984 11
999999999999997 18
19 999999999999981
6 999999999999995
616175269648328 112912663063771
366346592352797 375100129915740
474131301869143 218581372239949
999999999999987 2
999999999999998 15
15 999999999999991
17 999999999999993
8 999999999999991
999999999999984 9
999999999999994 18
14 999999999999988
1 999999999999999
999999999999994 17
19 999999999999984
532307194928413 151513561835159
18 999999999999994
999999999999997 16
206720749730600 206771283748120
999999999999985 5
520714625836683 26503668121687
18 999999999999981
632019381357367 138481809817433
999999999999996 4
13 999999999999993
325467528174346 812166120783075
13 999999999999990
999999999999983 19
2 999999999999992
818056285694344 522773377328957
892686989431969 997280604181203
999999999999998 18
472093635513616 9594092883324
999999999999996 5
999999999999985 14
6 999999999999991
10425373340691 673618487252161
12 999999999999994
999999999999996 16
999999999999998 10
999999999999994 8
7 999999999999981
449846497134716 464415459237036
10 999999999999986
999999999999985 2
10 999999999999989
803365477291488 538804682881516
999999999999994 5
323758464161995 856049360766670
999999999999998 0
999999999999997 12
10 999999999999985
2 999999999999982
999999999999986 7
13 999999999999987
9 999999999999990
999999999999987 9
890351751962001 777194802680000
999999999999993 6
999999999999997 15
1000000000000000 5
999999999999993 16
999999999999988 13
0 999999999999989
999999999999991 15
999999999999998 5
235379313013150 125892485048298
999999999999989 16
18 999999999999991
19 999999999999986
999999999999983 5
999999999999981 2
999999999999986 8
657346207893295 512308824219181
530594931494943 382599858413717
999999999999998 7
99908352729134 428869683292747
999999999999982 3
6 999999999999982
1 999999999999993
999999999999992 2
657130256192737 391817926405415
3 999999999999992
999999999999982 19
12 999999999999996
999999999999981 16
18 999999999999985
999999999999993 18
140409259641646 609340181055296
999999999999984 7
3 999999999999982
999999999999999 18
999999999999999 0
999999999999993 4
999999999999991 19
999999999999997 5
13 999999999999996
837461497844196 302442865245395
0 999999999999988
999999999999997 3
982402876801033 695726626658009
1 999999999999998
999999999999988 10
19 999999999999991
33686802087077 998116320189750
999999999999996 3
999999999999992 15
999999999999987 8
999999999999991 0
999999999999994 15
999999999999983 1
999999999999988 4
18 999999999999993
999999999999985 1
999999999999984 2
6 999999999999981
205123893481037 542099797276913
435478322891690 987664659187768
6 999999999999989
999999999999992 10
12 999999999999986
68905538029677 669403721973384
5 999999999999995
999999999999999 12
784679633747601 330716070756409
4 999999999999981
1 999999999999992
3 999999999999997
999999999999993 17
999999999999995 8
999999999999996 12
534531831231850 882314072919734
999999999999997 4
999999999999999 3
11 999999999999991
999999999999993 3
17 999999999999987
907432819827 993091827720422
1 999999999999985
297299360354722 576390650233409
6 999999999999985
575956211216724 154396603759314
999999999999982 14
9 999999999999991
999999999999987 15
5 999999999999991
999999999999986 10
1000000000000000 4
999999999999989 4
304913515165875 835829174706904
13 999999999999981
999999999999994 2
999999999999992 4
253362469622176 162128630701135
3 999999999999988
5 999999999999983
999999999999983 3
3 1000000000000000
9 999999999999993
2 999999999999987
999999999999989 8
17 999999999999984
999999999999992 3
853993585794174 874265872800597
999999999999984 3
12 999999999999998
999999999999989 19
999999999999984 0
999999999999995 13
19 999999999999987
999999999999981 4
8 999999999999999
999999999999988 19
999999999999982 8
590503940205703 972151277411221
999999999999995 1
101149916993504 795581005672228
579752785843392 135136315532553
0 999999999999987
18 999999999999997
691692209997571 844920069626458
15 999999999999995
999999999999998 2
18 999999999999998
18 999999999999988
999999999999992 6
0 999999999999992
521634393401459 180980745077115
16 999999999999982
1 999999999999995
327498871384090 210316831448151
999999999999987 13
810677542122146 484957138506696
1 999999999999997
519374010151140 880111455497572
2 999999999999998
916438815100477 744134525487426
999999999999983 10
6 999999999999983
15 999999999999982
11 999999999999995
999999999999988 16
999999999999981 7
999999999999994 10
11 999999999999981
138486256935271 986224980250133
999999999999997 14
999999999999990 12
999999999999994 4
5 999999999999997
999999999999996 9
9 999999999999995
4 999999999999995
225929658097557 890552497777178
19 999999999999988
999999999999990 17
498666117139364 649753910639204
510780793610141 825350521949090
999999999999992 7
999999999999986 14
999999999999988 18
999999999999999 14
609227848479909 515422421024965
999999999999994 12
999999999999993 12
999999999999982 18
999999999999982 6
999999999999994 0
19 999999999999982
7 1000000000000000
9 999999999999989
1 999999999999996
916479652568000 515169361297691
10 999999999999999
478268437473083 206842365525531
10 999999999999983
999999999999998 9
3 999999999999986
7 999999999999997
15 999999999999997
999999999999985 16
1000000000000000 12
999999999999993 14
8 999999999999988
914878521256827 7564283551173
19 999999999999995
999999999999982 1
650188484825686 687946589910681
269865741209863 839089501119900
24290722733025 346064251580149
626568829330191 481120213258606
686058507089762 39931539793755
999999999999988 9
999999999999984 16
999999999999981 3
4 999999999999990
9 999999999999981
8 999999999999992
17 999999999999983
999999999999992 18
999999999999982 13
6 999999999999988
999999999999991 4
1 999999999999990
999999999999990 5
999999999999982 7
1000000000000000 10
14 999999999999998
2 1000000000000000
12 999999999999997
11 999999999999987
999999999999998 6
10 999999999999984
885152162677157 137637160986379
6 999999999999993
5 999999999999984
4 1000000000000000
19 999999999999989
208126859034907 412525180092528
999999999999982 4
11 999999999999984
10 999999999999992
441369098124908 231482744604153
999999999999994 9
999999999999998 3
999999999999989 0
10 999999999999993
9 999999999999999
15 999999999999988
14 999999999999984
4 999999999999996
16 999999999999999
999999999999994 11
728925794922695 655859217680583
4 999999999999983
15 999999999999993
999999999999985 6
999999999999988 1
17 999999999999982
999999999999985 15
15 999999999999992
17 999999999999988
999999999999984 8
999999999999995 5
1 1000000000000000
918724376838732 790160614940337
999999999999999 11
999999999999991 5
17 999999999999998
999999999999990 14
999999999999983 11
999999999999984 14
3 999999999999991
999999999999988 7
222735113066334 416762040785778
999999999999997 6
16 999999999999996
326785189544753 195088588425751
999999999999990 3
520563482328019 217182008692018
999999999999992 14
2 999999999999993
7 999999999999985
999999999999999 7
2 999999999999997
999999999999994 14
7 999999999999992
13 999999999999992
0 999999999999994
12 999999999999982
11 999999999999996
999999999999995 17
999999999999990 10
913169895009730 976769297181033
13 999999999999994
1 999999999999991
999999999999988 0
4 999999999999988
999999999999990 18
9 999999999999985
999999999999983 2
999999999999987 12
3 999999999999995
999999999999986 11
259409586183582 285887015963272
16 999999999999986
1000000000000000 8
404594673195290 319215160270233
999999999999987 0
999999999999993 15
9 999999999999982
17 999999999999991
14 999999999999999
292224846268768 147502568393592
1000000000000000 0
635807132913494 760678768383263
16 999999999999990
6 999999999999996
999999999999981 15
999999999999981 11
999999999999995 16
800420023017183 468033395337716
999999999999996 10
12 999999999999999
999999999999983 7
999999999999996 18
14 999999999999996
16 999999999999985
18 999999999999996
999999999999989 1
310494137591306 602223049292751
920502118800236 821703076571299
999999999999981 13
999999999999990 9
915130582926392 637330993294819
999999999999994 19
999999999999990 15
305285195481386 147387079304720
966963672923821 659779874917952
1000000000000000 9
17 999999999999999
16 999999999999989
999999999999999 9
999999999999997 1
13 999999999999985
0 999999999999997
999999999999991 2
999999999999989 6
6 1000000000000000
14 999999999999993
12 999999999999995
999999999999988 2
171149037221322 173194925466245
999999999999986 15
5 999999999999993
0 999999999999985
8 999999999999998
1 999999999999994
999999999999999 19
74441561846053 823679001059165
407012569832754 744366797189830
4 999999999999991
999999999999997 7
254955637376628 272310838721340
999999999999990 7
18060450426844 603076352276381
593731463200809 936109572760320
999999999999996 17
8 999999999999997
9 999999999999986
0 999999999999995
999999999999983 17
775944673721256 891195828527161
307353263547311 284990956864429
999999999999986 1
875111483629049 472105961229380
999999999999989 10
999999999999993 2
1000000000000000 14
106787275271555 701159475971449
135256413302636 700593777640855
999999999999991 14
3 999999999999998
999999999999989 14
8 999999999999994
295863711058642 577078273583430
4 999999999999998
999999999999987 18
999999999999981 5
999999999999982 11
180459226323138 572097171610861
110143980996391 296634235135199
999999999999986 3
9 999999999999994
1000000000000000 17
1 999999999999987
999999999999990 13
999999999999990 16
7 999999999999987
331429155859991 411515594308695
14 999999999999994
999999999999991 10
17 999999999999989
11 999999999999999
10 999999999999998
18 999999999999995
14 999999999999991
442360071803440 343243707664065
17 999999999999994
999999999999998 11
6 999999999999986
999999999999981 17
724368375672991 519604321855099
999999999999984 13
15 1000000000000000
14 999999999999983
517298820137386 13116313365542
999999999999997 9
999999999999995 4
999999999999989 18
999999999999988 8
999999999999994 3
999999999999983 9
999999999999996 13
637406586114623 83785967768764
15 999999999999984
15 999999999999981
2 999999999999981
986653761470610 347138961311300
49336759847063 982197503914514
999999999999989 17
999999999999981 10
358147078080596 632104647561223
151189972916957 61549591319590
999999999999999 10
986818608555745 381897577135029
999999999999987 19
435718867456449 270073474626538
15 999999999999990
646924312155052 430752532722971
8 999999999999983
999999999999981 1
999999999999988 6
999999999999982 15
999999999999992 9
999999999999996 19
999999999999997 2
12 999999999999984
18 999999999999984
19 999999999999997
19 999999999999996
722963322330642 476602343211599
999999999999984 1
16 999999999999995
999999999999995 9
11 999999999999993
101410840960718 243577672444270
18 999999999999999
999999999999996 1
13 999999999999983
847645131180080 885432469117009
999999999999990 4
671379482424729 250482244675636
303979665139082 372570921528952
5 999999999999988
300649284732354 304682808148722
177691058852885 251365386621561
5 999999999999989
999999999999998 12
999999999999996 0
999999999999986 18
999999999999999 2
999999999999993 11
999999999999983 0
9 999999999999988
999999999999994 6
12 999999999999983
999999999999999 17
44784134208896 441624527846502
999999999999996 6
999999999999984 4
9 999999999999984
999999999999996 11
999999999999999 15
999999999999986 0
3 999999999999990
576105407261773 571038597550948
9 999999999999996
184924966909359 933197992129515
999999999999999 5
2 999999999999986
857470248561552 211470169321196
999999999999985 4
1 999999999999984
6 999999999999987
999999999999992 8
997177266188992 469478803158267
0 999999999999993
28469194954303 400913351607323
999999999999990 1
999999999999983 12
999999999999985 0
821828142542054 71972605591247
5 999999999999987
7 999999999999990
7 999999999999998
999999999999986 6
999999999999990 8
999999999999988 14
999999999999992 17
2 999999999999994
5 999999999999999
19 999999999999985
517493215326964 16794045223038
999999999999985 10
577729120653661 685913863966430
999999999999983 6
10 999999999999988
999999999999994 7
5 999999999999985
708994185113459 424869414907860
999999999999990 11
284361971814389 482498422795286
999999999999995 11
9 999999999999992
5 999999999999981
5 999999999999990
15 999999999999985
12 999999999999987
7 999999999999983
5 999999999999998
15 999999999999989
999999999999992 0
999999999999991 18
999999999999982 5
999999999999981 19
999999999999983 15
8 999999999999996
999999999999988 11
999999999999989 5
2 999999999999991
529949291893238 331667854553906
831018678140170 145196692137743
11 999999999999983
999999999999990 6
16 999999999999993
4 999999999999986
7 999999999999984
8 999999999999984
4 999999999999994
3 999999999999983
270136399866447 601161062758562
10 999999999999990
6 999999999999998
952391352565051 436804469980311
14 999999999999987
19 999999999999983
9 1000000000000000
999999999999995 6
999999999999985 7
169906096825050 759943551379263
999999999999992 11
999999999999993 0
6 999999999999994
763497015869623 696695474987257
848378817115472 290873170654220
18 1000000000000000
1000000000000000 18
18 999999999999987
999999999999988 5
18 999999999999982
999999999999995 7
6 999999999999999
15 999999999999987
999999999999993 1
6 999999999999997
999999999999996 7
999999999999981 0
15 999999999999986
661363210909528 840900950783874
255771322242658 290284995576946
999999999999989 13
686194923933123 384603219008974
13 999999999999991
2 999999999999996
999999999999981 6
917826676565010 11623387227611
1 999999999999988
19 999999999999992
15 999999999999983
999999999999998 14
4 999999999999985
1000000000000000 16
14 1000000000000000
2 999999999999990
999999999999998 19
999999999999988 12
999999999999982 12
872359808360576 277201153851704
18 999999999999990
0 999999999999991
618726771552438 257456520550192
999999999999982 2
389575016074651 921208445642226
999999999999995 2
8 999999999999986
999999999999993 13
19 1000000000000000
999999999999996 15
10 999999999999995
999999999999989 2
347767511410929 244758140368628
10 1000000000000000
999999999999983 14
999999999999983 18
75276411433222 834038117584178
13 999999999999999
999999999999993 19
999999999999985 3
999999999999990 0
0 999999999999982
0 999999999999990
294736832144521 248275279183829
1000000000000000 2
8 1000000000000000
7 999999999999988
9 999999999999983
13 999999999999988
7 999999999999986
13 999999999999982
572218577887238 176907018138128
999999999999987 11
12 999999999999981
999999999999994 16
493779289720431 415205596573790
999999999999984 12
999999999999999 8
11 999999999999985
573896986328866 334014245221943
16 999999999999988
16 999999999999984
999999999999992 5
1000000000000000 19
730768502232080 646189448573600
581706989939893 397387064403065
999999999999984 19
19 999999999999999
12 999999999999990
310316760495893 933735917342512
138046730532572 727778543540254
349465567070776 505864365413287
516780652321285 632186514721111
13 999999999999984
3 999999999999994
433068467466539 66688037119847
12 999999999999991
5 1000000000000000
148332439597152 200178391564407
999999999999999 6
8 999999999999993
1000000000000000 15
305974515851287 675021415888629
999999999999997 8
19 999999999999993
5 999999999999986
3 999999999999981
5 999999999999994
999999999999996 8
7 999999999999993
999999999999995 10
829326218010561 922168888734976
1000000000000000 11
2 999999999999999
10 999999999999982
418589138128217 454055414099630
999999999999983 4
733802728318107 243564291790331
12 1000000000000000
999999999999993 9
170752757717185 490293916474533
0 999999999999983
999999999999991 12
18 999999999999992
999999999999997 19
1 999999999999989
999999999999986 2
13 999999999999998
11 999999999999989
999999999999995 3
999999999999995 14
19 999999999999998
16 999999999999992
58513436749898 292394689277151
999999999999998 16
999999999999981 14
11 999999999999982
10 999999999999994
9 999999999999997
999999999999984 10
999999999999985 13
999999999999992 1
83719389697313 952965068728628
473195980096790 973758972901148
14 999999999999995
999999999999991 16
494411993503393 679262590142882
4 999999999999992
999999999999999 13
7 999999999999994
0 999999999999996
467176261457198 429042354297452
223538076207654 264373770445710
999999999999986 9
2 999999999999983
731878390399168 667477955899374
4 999999999999997
8 999999999999990
6361332680555 715937718888892
16 999999999999998
999999999999987 4
4 999999999999987
999999999999991 9
459674808962250 461273810163808
113658276974636 833371185526346
16 999999999999983
999999999999994 1
16 999999999999994
694235124659189 163039074387870
999999999999988 17
10 999999999999987
999999999999983 13
6 999999999999992
999999999999985 18
999999999999996 14
15 999999999999999
999999999999982 16
0 999999999999986
999999999999987 3
4 999999999999982
431250689976735 218743096446900
605310550156713 917739860336486
999999999999997 0
0 999999999999999
921574487281262 274844356514595
999999999999982 0
999999999999985 8
999999999999983 8
